FCN starts
"BPMSW.1R5.B1" : chi2: 0.996719
"BPMSY.4R5.B1" : chi2: 0
"BPM.5R5.B1" : chi2: 0.520085
"XRPV.C6R5.B1" : chi2: 0.622525
"XRPH.C6R5.B1" : chi2: 0
"XRPH.D6R5.B1" : chi2: 0
"BPMSW.1R5.B1" : chi2: 0
"BPMSY.4R5.B1" : chi2: 0
"BPM.5R5.B1" : chi2: 0
"XRPV.C6R5.B1" : chi2: 0
"XRPH.C6R5.B1" : chi2: 0
"XRPH.D6R5.B1" : chi2: 0.0583913
chi2: 3.11253
FCN starts
"BPMSW.1R5.B1" : chi2: 0.996719
"BPMSY.4R5.B1" : chi2: 0
"BPM.5R5.B1" : chi2: 0.527911
"XRPV.C6R5.B1" : chi2: 0.614887
"XRPH.C6R5.B1" : chi2: 0
"XRPH.D6R5.B1" : chi2: 0
"BPMSW.1R5.B1" : chi2: 0
"BPMSY.4R5.B1" : chi2: 0
"BPM.5R5.B1" : chi2: 0
"XRPV.C6R5.B1" : chi2: 0
"XRPH.C6R5.B1" : chi2: 0
"XRPH.D6R5.B1" : chi2: 0.0584026
chi2: 3.11251
FCN starts
"BPMSW.1R5.B1" : chi2: 0.996719
"BPMSY.4R5.B1" : chi2: 0
"BPM.5R5.B1" : chi2: 0.540037
"XRPV.C6R5.B1" : chi2: 0.603128
"XRPH.C6R5.B1" : chi2: 0
"XRPH.D6R5.B1" : chi2: 0
"BPMSW.1R5.B1" : chi2: 0
"BPMSY.4R5.B1" : chi2: 0
"BPM.5R5.B1" : chi2: 0
"XRPV.C6R5.B1" : chi2: 0
"XRPH.C6R5.B1" : chi2: 0
"XRPH.D6R5.B1" : chi2: 0.0589276
chi2: 3.1126
FCN starts
"BPMSW.1R5.B1" : chi2: 0.996719
"BPMSY.4R5.B1" : chi2: 0
"BPM.5R5.B1" : chi2: 0.508191
"XRPV.C6R5.B1" : chi2: 0.634466
"XRPH.C6R5.B1" : chi2: 0
"XRPH.D6R5.B1" : chi2: 0
"BPMSW.1R5.B1" : chi2: 0
"BPMSY.4R5.B1" : chi2: 0
"BPM.5R5.B1" : chi2: 0
"XRPV.C6R5.B1" : chi2: 0
"XRPH.C6R5.B1" : chi2: 0
"XRPH.D6R5.B1" : chi2: 0.0578689
chi2: 3.11243
 MIGRAD MINIMIZATION HAS CONVERGED.
 FCN=3.11087 FROM MIGRAD    STATUS=CONVERGED     294 CALLS         295 TOTAL
                     EDM=0.0010375    STRATEGY= 1  ERROR MATRIX UNCERTAINTY   1.8 per cent
  EXT PARAMETER                                   STEP         FIRST   
  NO.   NAME      VALUE            ERROR          SIZE      DERIVATIVE 
   1  Half_crossing_angle_B1   8.43160e-02   7.50511e-02  -8.86577e-03  -1.04370e-02
   2  MQXA.1R5    -2.53257e-05   3.63819e-04   1.82999e-02  -3.05910e-02
   3  MQXB.A2R5    4.56786e-05   4.18705e-04  -3.71256e-02   3.64654e-02
   4  MQXB.B2R5    9.50421e-05   3.90251e-04   6.54186e-04   7.45879e-02
   5  MQXA.3R5    -1.92790e-04   2.75013e-04  -3.78786e-02   1.06200e-03
   6  MQY.4R5.B1  -2.70270e-05   4.19393e-04  -1.00812e-02  -4.63862e-03
   7  MQML.5R5.B1   2.92466e-05   4.19972e-04   1.23345e-03   1.92113e-04
   8  MCBXH.1R5   -9.39562e-06   4.26222e-02  -1.06423e-04  -2.12699e-04
   9  MCBXH.2R5    4.05692e-05   4.26337e-02  -2.70127e-04   2.45733e-04
  10  MCBXH.3R5   -2.78637e-04   4.25639e-02   5.87270e-03   2.19526e-03
 EXTERNAL ERROR MATRIX.    NDIM=  31    NPAR= 10    ERR DEF=1
  5.987e-03 -9.795e-06  4.046e-06  5.836e-07  7.163e-06 -2.517e-07  1.981e-07 -1.430e-06  1.633e-06  9.614e-06 
 -9.795e-06  1.661e-07  7.886e-08  4.689e-08 -3.062e-08  1.254e-09  1.403e-09 -2.145e-08  4.414e-08 -7.292e-08 
  4.046e-06  7.886e-08  2.474e-07 -2.259e-08  5.635e-08  1.020e-10 -5.530e-10  1.128e-08 -2.119e-08  9.580e-09 
  5.836e-07  4.689e-08 -2.259e-08  2.035e-07  7.638e-08  1.102e-09 -2.431e-11  1.009e-08 -1.801e-08 -1.783e-08 
  7.163e-06 -3.062e-08  5.635e-08  7.638e-08  8.681e-08  8.727e-09 -1.933e-09 -6.827e-09  4.322e-08 -3.515e-07 
 -2.517e-07  1.254e-09  1.020e-10  1.102e-09  8.727e-09  2.479e-07  9.477e-10 -1.805e-10 -1.123e-09  1.742e-08 
  1.981e-07  1.403e-09 -5.530e-10 -2.431e-11 -1.933e-09  9.477e-10  2.491e-07  2.015e-10 -7.859e-11 -2.358e-09 
 -1.430e-06 -2.145e-08  1.128e-08  1.009e-08 -6.827e-09 -1.805e-10  2.015e-10  9.005e-04  6.498e-09  1.382e-09 
  1.633e-06  4.414e-08 -2.119e-08 -1.801e-08  4.322e-08 -1.123e-09 -7.859e-11  6.498e-09  9.005e-04  4.871e-08 
  9.614e-06 -7.292e-08  9.580e-09 -1.783e-08 -3.515e-07  1.742e-08 -2.358e-09  1.382e-09  4.871e-08  9.014e-04 
 PARAMETER  CORRELATION COEFFICIENTS  
       NO.  GLOBAL      1      2      3      4      5      6      7      8      9     10
        1  0.45841   1.000 -0.311  0.105  0.017  0.314 -0.007  0.005 -0.001  0.001  0.004
        2  0.98921  -0.311  1.000  0.389  0.255 -0.255  0.006  0.007 -0.002  0.004 -0.006
        3  0.98901   0.105  0.389  1.000 -0.101  0.385  0.000 -0.002  0.001 -0.001  0.001
        4  0.99079   0.017  0.255 -0.101  1.000  0.575  0.005 -0.000  0.001 -0.001 -0.001
        5  0.99316   0.314 -0.255  0.385  0.575  1.000  0.059 -0.013 -0.001  0.005 -0.040
        6  0.45562  -0.007  0.006  0.000  0.005  0.059  1.000  0.004 -0.000 -0.000  0.001
        7  0.05347   0.005  0.007 -0.002 -0.000 -0.013  0.004  1.000  0.000 -0.000 -0.000
        8  0.02918  -0.001 -0.002  0.001  0.001 -0.001 -0.000  0.000  1.000  0.000  0.000
        9  0.08540   0.001  0.004 -0.001 -0.001  0.005 -0.000 -0.000  0.000  1.000  0.000
       10  0.35099   0.004 -0.006  0.001 -0.001 -0.040  0.001 -0.000  0.000  0.000  1.000

